[Measurement]
name = LEP1

measured = 91.1976 80.387 2.4952 20.767 0.1721 0.21619 0.0171 0.0707 0.0992 0.000106549
sm = 91.1976 80.387 2.4957 20.758 0.17223 0.21586 0.01718 0.07583 0.10615 0.000106551714397
binlabels = MZ MW GammaZ Rl Rc Rb AFBl AFBc AFBb sigmahadn

covariance = 4.41e-06 0 -1.1109e-06 1.7325e-06 0 0 1.155e-07 0 0 -1.45616481628e-12, 0 0.000356 0 0 0 0 0 0 0 0, -1.1109e-06 0 5.78e-06 2.3e-07 0 0 6.9e-09 0 0 -1.05259913863e-11, 1.7325e-06 0 2.3e-07 0.000674 0 0 -1.4e-06 0 0 7.049686809e-11, 0 0 0 0 9.0004e-06 -3.564e-07 0 -6.3e-07 1.92e-07 0, 0 0 0 0 -3.564e-07 4.365e-07 0 1.617e-07 -1.056e-07 0, 1.155e-07 0 6.9e-09 -1.4e-06 0 0 1.0484e-06 0 0 9.24549089704e-14, 0 0 0 0 -6.3e-07 1.617e-07 0 1.274e-05 8.4e-07 0, 0 0 0 0 1.92e-07 -1.056e-07 0 8.4e-07 3.5009e-06 0, -1.45616481628e-12 0 -1.05259913863e-11 7.049686809e-11 0 0 9.24549089704e-14 0 0 4.74883899596e-16

[Linear Effects]
cll1 = 0 0 -0.148576303088 0.0310820417561 9.32369000437e-05 -0.000179069148561 -1.47150602578e-05 -3.44055489147e-05 -4.50688842735e-05 -5.55179055231e-08
cHDD = 0 0 -0.0107123467272 0.289700586467 0.00155841532812 -0.00100665414109 0.0291299370337 0.0727105648257 0.0916022424004 2.64173666864e-07
cHd = 0 0 -0.0270605845154 -0.322140850918 0.00267281620357 -0.00178283117683 0 0 0.00529093835259 6.57092704989e-07
cHl3 = 0 0 -0.203351586146 -2.69227211331 0.000186473800087 -0.000358138297123 0.0167112314749 0.0368766012648 0.0516275929752 6.01810071946e-06
cHl1 = 0 0 -0.0268963498294 -2.75443619682 0 0 0.0167406615954 0.0369454123627 0.0517177307437 1.64352724296e-05
cHe = 0 0 -0.0268963498294 2.21380235785 0 0 0.0207522487059 0.0457986909012 0.0641109196777 -9.06691157324e-06
cHq3 = 0 0 0.239814476966 2.84951196794 0.000680593233799 -0.000167861031248 0 0.00483525212489 0.000922339253356 -5.85066741261e-06
cHq1 = 0 0 0.0703674730414 0.836116981433 -0.0312604118074 0.0207691965748 0 -0.00483525212489 0.000922339253356 -1.7167298932e-06
cHu = 0 0 0.0358617997725 0.426914307324 0.00674396038642 -0.00443943165907 0 -0.0114241344218 0 -8.70806283023e-07
cHWB = 0 0 0.0680904931672 0.29362837138 0.00161915362763 -0.000982246686099 0.0312064119696 0.0778923613649 0.0981312978976 3.12663537634e-07

#[Quadratic Effects]
#cX cX = ....
#cX cY = ....
#cY cY = ....